[[[[34 34 36 33 33 35 34 34 33 35 36 32 34 37 38 39 37 34 32 36 37 34
    35 33 36 36 33 38 34 33 33 37 34 32 34 35 34 35 38 35 34 32 32 37
    33 31 37 34 33 34 34 34 36 35 36 37 37 33 32 36 36 32 31 38 35 35
    38 34 39 36 35 34 34 31 34 33 34 39 35 38 35 34 32 34 36 34 37 35
    37 33 33 33 35 37 36 34 41 33 34 33 39 32 36 35 35 35 36 34 34 38
    37 34 35 35 36 31 32 34 36 32 37 33 33 35 36 36 35 34]]]]
(1, 1, 1, 2048) (1, 1, 1, 128) (1, 1, 1, 4)
[115  62  73  45]
[31 31 31 31]
Kernel Start
test 1 
test 2 
test 3 
test
ERROR: Synchronize stream failed, error code is 507035, please check plog for more information.
opType=topk_custom, DumpHead: AIV-0, CoreType=AIV, block dim=1, total_block_num=1, block_remain_len=1047912, block_initial_space=1048576, rsv=0, magic=5aa5bccd
CANN Version: 8.3.RC1.alpha001, TimeStamp: 20250807092944934
1
param_.indexChunkSingleSize: 128
4
resultChunk
DumpTensor: desc=1, addr=139c0, data_type=float16, position=UB, dump_size=128
[34.000000, 34.000000, 36.000000, 33.000000, 33.000000, 35.000000, 34.000000, 34.000000, 33.000000, 35.000000, 36.000000, 32.000000, 34.000000, 37.000000, 38.000000, 39.000000, 37.000000, 34.000000, 32.000000, 36.000000, 37.000000, 34.000000, 35.000000, 33.000000, 36.000000, 36.000000, 33.000000, 38.000000, 34.000000, 33.000000, 33.000000, 
37.000000, 34.000000, 32.000000, 34.000000, 35.000000, 34.000000, 35.000000, 38.000000, 35.000000, 34.000000, 32.000000, 32.000000, 37.000000, 33.000000, 31.000000, 37.000000, 34.000000, 33.000000, 34.000000, 34.000000, 34.000000, 36.000000, 35.000000, 36.000000, 37.000000, 37.000000, 33.000000, 32.000000, 36.000000, 36.000000, 
32.000000, 31.000000, 38.000000, 35.000000, 35.000000, 38.000000, 34.000000, 39.000000, 36.000000, 35.000000, 34.000000, 34.000000, 31.000000, 34.000000, 33.000000, 34.000000, 39.000000, 35.000000, 38.000000, 35.000000, 34.000000, 32.000000, 34.000000, 36.000000, 34.000000, 37.000000, 35.000000, 37.000000, 33.000000, 33.000000, 
33.000000, 35.000000, 37.000000, 36.000000, 34.000000, 41.000000, 33.000000, 34.000000, 33.000000, 39.000000, 32.000000, 36.000000, 35.000000, 35.000000, 35.000000, 36.000000, 34.000000, 34.000000, 38.000000, 37.000000, 34.000000, 35.000000, 35.000000, 36.000000, 31.000000, 32.000000, 34.000000, 36.000000, 32.000000, 37.000000, 
33.000000, 33.000000, 35.000000, 36.000000, 36.000000, 35.000000, 34.000000]
k:4, outter: 1, inner: 2048, n: 2048
❌ 块 0 存在不一致：4 处不同（仅显示前 10 处）
  - 全局元素 #0: file1=0, file2=115
  - 全局元素 #1: file1=0, file2=62
  - 全局元素 #2: file1=0, file2=73
  - 全局元素 #3: file1=0, file2=45
❗完成：共比较 4 个元素，发现 4 处不一致。
❌ 块 0 存在不一致：4 处不同（仅显示前 10 处）
  - 全局元素 #0: file1=0, file2=31
  - 全局元素 #1: file1=0, file2=31
  - 全局元素 #2: file1=0, file2=31
  - 全局元素 #3: file1=0, file2=31
❗完成：共比较 4 个元素，发现 4 处不一致。
